<?xml version="1.0" encoding="UTF-8" standalone="no" ?>
<COLLADA xmlns="http://www.collada.org/2005/11/COLLADASchema" version="1.4.1">
    <asset>
        <contributor>
            <authoring_tool>SketchUp 17.2.2555</authoring_tool>
        </contributor>
        <created>2017-09-22T05:58:47Z</created>
        <modified>2017-09-22T05:58:47Z</modified>
        <unit meter="0.0254" name="inch" />
        <up_axis>Z_UP</up_axis>
    </asset>
    <library_cameras>
        <camera id="ID1" name="skp_camera_Last_Saved_SketchUp_View">
            <optics>
                <technique_common>
                    <perspective>
                        <yfov>35</yfov>
                        <aspect_ratio>0</aspect_ratio>
                        <znear>1</znear>
                        <zfar>1000</zfar>
                    </perspective>
                </technique_common>
            </optics>
        </camera>
    </library_cameras>
    <library_visual_scenes>
        <visual_scene id="ID2">
            <node name="SketchUp">
                <node name="skp_camera_Last_Saved_SketchUp_View">
                    <matrix>-0.2197835 -0.2219437 -0.9499664 -28.07547 -0.9755487 0.05000217 0.21402 43.76861 0 0.9737766 -0.2275065 12.45775 0 0 0 1</matrix>
                    <instance_camera url="#ID1" />
                </node>
                <node id="ID3" name="group_0">
                    <matrix>0.5459 -0 0 -0.07152383 0 -0.5459 5.194026e-14 47.31562 0 -5.194026e-14 -0.5459 27.70203 0 0 0 1</matrix>
                    <node id="ID4" name="group_1">
                        <matrix>1 0 0 0 0 1 0 0 0 0 1 1.369141 0 0 0 1</matrix>
                        <instance_geometry url="#ID5">
                            <bind_material>
                                <technique_common>
                                    <instance_material symbol="Material2" target="#ID6">
                                        <bind_vertex_input semantic="UVSET0" input_semantic="TEXCOORD" input_set="0" />
                                    </instance_material>
                                    <instance_material symbol="Material3" target="#ID16">
                                        <bind_vertex_input semantic="UVSET0" input_semantic="TEXCOORD" input_set="0" />
                                    </instance_material>
                                </technique_common>
                            </bind_material>
                        </instance_geometry>
                    </node>
                    <node id="ID20" name="group_2">
                        <matrix>1 0 0 0.794196 0 1 0 13.77953 0 0 1 2.550244 0 0 0 1</matrix>
                        <instance_geometry url="#ID21">
                            <bind_material>
                                <technique_common>
                                    <instance_material symbol="Material2" target="#ID16">
                                        <bind_vertex_input semantic="UVSET0" input_semantic="TEXCOORD" input_set="0" />
                                    </instance_material>
                                    <instance_material symbol="Material3" target="#ID23">
                                        <bind_vertex_input semantic="UVSET0" input_semantic="TEXCOORD" input_set="0" />
                                    </instance_material>
                                </technique_common>
                            </bind_material>
                        </instance_geometry>
                        <instance_geometry url="#ID29">
                            <bind_material>
                                <technique_common>
                                    <instance_material symbol="Material2" target="#ID16">
                                        <bind_vertex_input semantic="UVSET0" input_semantic="TEXCOORD" input_set="0" />
                                    </instance_material>
                                    <instance_material symbol="Material3" target="#ID23">
                                        <bind_vertex_input semantic="UVSET0" input_semantic="TEXCOORD" input_set="0" />
                                    </instance_material>
                                </technique_common>
                            </bind_material>
                        </instance_geometry>
                        <instance_geometry url="#ID35">
                            <bind_material>
                                <technique_common>
                                    <instance_material symbol="Material2" target="#ID16">
                                        <bind_vertex_input semantic="UVSET0" input_semantic="TEXCOORD" input_set="0" />
                                    </instance_material>
                                    <instance_material symbol="Material3" target="#ID23">
                                        <bind_vertex_input semantic="UVSET0" input_semantic="TEXCOORD" input_set="0" />
                                    </instance_material>
                                </technique_common>
                            </bind_material>
                        </instance_geometry>
                        <instance_geometry url="#ID41">
                            <bind_material>
                                <technique_common>
                                    <instance_material symbol="Material2" target="#ID16">
                                        <bind_vertex_input semantic="UVSET0" input_semantic="TEXCOORD" input_set="0" />
                                    </instance_material>
                                    <instance_material symbol="Material3" target="#ID23">
                                        <bind_vertex_input semantic="UVSET0" input_semantic="TEXCOORD" input_set="0" />
                                    </instance_material>
                                </technique_common>
                            </bind_material>
                        </instance_geometry>
                        <instance_geometry url="#ID47">
                            <bind_material>
                                <technique_common>
                                    <instance_material symbol="Material2" target="#ID16">
                                        <bind_vertex_input semantic="UVSET0" input_semantic="TEXCOORD" input_set="0" />
                                    </instance_material>
                                    <instance_material symbol="Material3" target="#ID23">
                                        <bind_vertex_input semantic="UVSET0" input_semantic="TEXCOORD" input_set="0" />
                                    </instance_material>
                                </technique_common>
                            </bind_material>
                        </instance_geometry>
                    </node>
                    <node id="ID53" name="instance_0">
                        <matrix>2.831069e-15 1 2.524355e-29 -9.237056e-14 -1 2.831069e-15 -1.262177e-29 47.24409 -1.262177e-29 -2.524355e-29 1 -1.421085e-14 0 0 0 1</matrix>
                        <instance_node url="#ID54" />
                    </node>
                    <node id="ID204" name="instance_47">
                        <matrix>-2.775558e-16 1 1.262177e-29 0 -1 -2.775558e-16 -1.262177e-29 47.24409 -1.262177e-29 -1.262177e-29 1 -1.421085e-14 0 0 0 1</matrix>
                        <instance_node url="#ID54" />
                    </node>
                    <node id="ID205" name="instance_48">
                        <matrix>-0.258819 0.9659258 -1.262177e-29 6.918737 -0.9659258 -0.258819 -3.786532e-29 52.55303 -3.984185e-29 2.391431e-30 1 -2.842171e-14 0 0 0 1</matrix>
                        <instance_node url="#ID54" />
                    </node>
                    <node id="ID206" name="instance_49">
                        <matrix>0.258819 0.9659258 -1.262177e-29 -5.308934 -0.9659258 0.258819 5.04871e-29 40.32536 5.203355e-29 -8.753245e-31 1 0 0 0 0 1</matrix>
                        <instance_node url="#ID54" />
                    </node>
                    <node id="ID207" name="instance_50">
                        <matrix>0.258819 0.9659258 3.786532e-29 -5.308934 -0.9659258 0.258819 2.524355e-29 40.32536 1.458313e-29 -4.310861e-29 1 0 0 0 0 1</matrix>
                        <instance_node url="#ID54" />
                    </node>
                    <node id="ID208" name="instance_51">
                        <matrix>1 0 0 0 0 1 0 0 0 0 1 0 0 0 0 1</matrix>
                        <instance_node url="#ID54" />
                    </node>
                    <node id="ID209" name="instance_52">
                        <matrix>0.9659258 -0.258819 -1.893266e-29 6.918737 0.258819 0.9659258 -3.786532e-29 -5.308934 2.808781e-29 3.167496e-29 1 -7.105427e-15 0 0 0 1</matrix>
                        <instance_node url="#ID54" />
                    </node>
                    <node id="ID210" name="instance_53">
                        <matrix>0.8660254 -0.5 -1.893266e-29 14.97578 0.5 0.8660254 1.262177e-29 -8.646269 1.008528e-29 -2.039711e-29 1 -6.394885e-14 0 0 0 1</matrix>
                        <instance_node url="#ID54" />
                    </node>
                    <node id="ID211" name="instance_54">
                        <matrix>0.8660254 0.5 5.04871e-29 -8.646269 -0.5 0.8660254 0 14.97578 -4.372311e-29 -2.524355e-29 1 -7.105427e-15 0 0 0 1</matrix>
                        <instance_node url="#ID54" />
                    </node>
                    <node id="ID212" name="instance_55">
                        <matrix>-0.7071068 0.7071068 4.417621e-29 23.62205 -0.7071068 -0.7071068 0 57.02867 3.12373e-29 -3.12373e-29 1 -1.421085e-14 0 0 0 1</matrix>
                        <instance_node url="#ID54" />
                    </node>
                    <node id="ID213" name="instance_56">
                        <matrix>-0.5 0.8660254 -3.786532e-29 14.97578 -0.8660254 -0.5 1.262177e-29 55.89036 -8.001884e-30 3.910322e-29 1 -4.263256e-14 0 0 0 1</matrix>
                        <instance_node url="#ID54" />
                    </node>
                    <node id="ID214" name="instance_57">
                        <matrix>0.7071068 0.7071068 3.786532e-29 -9.784572 -0.7071068 0.7071068 -1.262177e-29 23.62205 -3.569977e-29 -1.784988e-29 1 -6.394885e-14 0 0 0 1</matrix>
                        <instance_node url="#ID54" />
                    </node>
                    <node id="ID215" name="instance_58">
                        <matrix>0.9659258 0.258819 3.786532e-29 -5.308934 -0.258819 0.9659258 5.04871e-29 6.918737 -2.350807e-29 -5.856706e-29 1 -1.421085e-14 0 0 0 1</matrix>
                        <instance_node url="#ID54" />
                    </node>
                    <node id="ID216" name="instance_59">
                        <matrix>0.8660254 0.5 6.310887e-29 -8.646269 -0.5 0.8660254 2.524355e-29 14.97578 -4.203211e-29 -5.341599e-29 1 -7.105427e-15 0 0 0 1</matrix>
                        <instance_node url="#ID54" />
                    </node>
                    <node id="ID217" name="instance_60">
                        <matrix>0.5 0.8660254 1.262177e-29 -8.646269 -0.8660254 0.5 2.524355e-29 32.26832 1.555067e-29 -2.355255e-29 1 -1.421085e-14 0 0 0 1</matrix>
                        <instance_node url="#ID54" />
                    </node>
                    <node id="ID218" name="instance_61">
                        <matrix>1 0 0 0 0 1 0 0 0 0 1 0 0 0 0 1</matrix>
                        <instance_node url="#ID54" />
                    </node>
                    <node id="ID219" name="instance_62">
                        <matrix>0.9659258 0.258819 3.786532e-29 -5.308934 -0.258819 0.9659258 5.04871e-29 6.918737 -2.350807e-29 -5.856706e-29 1 -1.421085e-14 0 0 0 1</matrix>
                        <instance_node url="#ID54" />
                    </node>
                    <node id="ID220" name="instance_63">
                        <matrix>0.7071068 0.7071068 3.786532e-29 -9.784572 -0.7071068 0.7071068 -1.262177e-29 23.62205 -3.569977e-29 -1.784988e-29 1 -6.394885e-14 0 0 0 1</matrix>
                        <instance_node url="#ID54" />
                    </node>
                    <node id="ID221" name="instance_64">
                        <matrix>0.5 0.8660254 1.262177e-29 -8.646269 -0.8660254 0.5 2.524355e-29 32.26832 1.555067e-29 -2.355255e-29 1 -1.421085e-14 0 0 0 1</matrix>
                        <instance_node url="#ID54" />
                    </node>
                    <node id="ID222" name="instance_65">
                        <matrix>-0.9659258 -0.258819 -1.262177e-29 52.55303 0.258819 -0.9659258 1.262177e-29 40.32536 -1.545845e-29 8.924942e-30 1 -2.842171e-14 0 0 0 1</matrix>
                        <instance_node url="#ID54" />
                    </node>
                    <node id="ID223" name="instance_66">
                        <matrix>-1 -1.332268e-15 -6.310887e-30 47.24409 1.332268e-15 -1 0 47.24409 -6.310887e-30 -8.407791e-45 1 -5.684342e-14 0 0 0 1</matrix>
                        <instance_node url="#ID54" />
                    </node>
                    <node id="ID224" name="instance_67">
                        <matrix>-0.9659258 0.258819 -2.082778e-29 40.32536 -0.258819 -0.9659258 -3.786532e-29 52.55303 -2.991835e-29 -3.118447e-29 1 -2.842171e-14 0 0 0 1</matrix>
                        <instance_node url="#ID54" />
                    </node>
                    <node id="ID225" name="instance_68">
                        <matrix>0.7071068 -0.7071068 -1.262177e-29 23.62205 0.7071068 0.7071068 2.524355e-29 -9.784572 -8.924942e-30 -2.677483e-29 1 -2.131628e-14 0 0 0 1</matrix>
                        <instance_node url="#ID54" />
                    </node>
                    <node id="ID226" name="instance_69">
                        <matrix>-0.8660254 0.5 9.466331e-30 32.26832 -0.5 -0.8660254 -5.04871e-29 55.89036 -1.704547e-29 -4.845627e-29 1 -1.065814e-13 0 0 0 1</matrix>
                        <instance_node url="#ID54" />
                    </node>
                    <node id="ID227" name="instance_70">
                        <matrix>0.5 -0.8660254 6.310887e-29 32.26832 0.8660254 0.5 -1.262177e-29 -8.646269 -2.062366e-29 6.096477e-29 1 -7.81597e-14 0 0 0 1</matrix>
                        <instance_node url="#ID54" />
                    </node>
                    <node id="ID228" name="instance_71">
                        <matrix>0.258819 -0.9659258 1.262177e-29 40.32536 0.9659258 0.258819 1.262177e-29 -5.308934 -1.545845e-29 8.924942e-30 1 -1.421085e-14 0 0 0 1</matrix>
                        <instance_node url="#ID54" />
                    </node>
                    <node id="ID229" name="instance_72">
                        <matrix>7.771561e-16 -1 -2.524355e-29 47.24409 1 7.771561e-16 -1.262177e-29 -1.421085e-14 1.262177e-29 -2.524355e-29 1 -7.105427e-15 0 0 0 1</matrix>
                        <instance_node url="#ID54" />
                    </node>
                    <node id="ID230" name="instance_73">
                        <matrix>-0.258819 -0.9659258 -2.524355e-29 52.55303 0.9659258 -0.258819 1.262177e-29 6.918737 -1.872521e-29 -2.111664e-29 1 -4.973799e-14 0 0 0 1</matrix>
                        <instance_node url="#ID54" />
                    </node>
                    <node id="ID231" name="instance_74">
                        <matrix>-0.5 -0.8660254 -3.786532e-29 55.89036 0.8660254 -0.5 1.262177e-29 14.97578 -2.986344e-29 -2.648144e-29 1 -2.842171e-14 0 0 0 1</matrix>
                        <instance_node url="#ID54" />
                    </node>
                    <node id="ID232" name="instance_75">
                        <matrix>-0.7071068 -0.7071068 -1.262177e-29 57.02867 0.7071068 -0.7071068 -3.786532e-29 23.62205 1.784988e-29 -3.569977e-29 1 -5.684342e-14 0 0 0 1</matrix>
                        <instance_node url="#ID54" />
                    </node>
                    <node id="ID233" name="instance_76">
                        <matrix>-0.8660254 -0.5 -1.262177e-29 55.89036 0.5 -0.8660254 0 32.26832 -1.093078e-29 -6.310887e-30 1 -3.552714e-14 0 0 0 1</matrix>
                        <instance_node url="#ID54" />
                    </node>
                    <node id="ID234" name="instance_77">
                        <matrix>-0.5 -0.8660254 -1.156052e-29 28.08837 0.8660254 -0.5 -3.786532e-29 16.67356 2.701207e-29 -2.894436e-29 1 -20.33705 0 0 0 1</matrix>
                        <instance_node url="#ID235" />
                    </node>
                    <node id="ID254" name="instance_88">
                        <matrix>-0.7660444 -0.6427876 -1.156052e-29 30.19554 0.6427876 -0.7660444 -5.04871e-29 18.62017 2.359661e-29 -4.610632e-29 1 -20.33705 0 0 0 1</matrix>
                        <instance_node url="#ID235" />
                    </node>
                    <node id="ID255" name="instance_89">
                        <matrix>-0.1736482 -0.9848078 0 25.44249 0.9848078 -0.1736482 -2.524355e-29 15.56503 2.486004e-29 -4.383496e-30 1 -20.33705 0 0 0 1</matrix>
                        <instance_node url="#ID235" />
                    </node>
                    <node id="ID256" name="instance_90">
                        <matrix>0.1736482 -0.9848078 0 22.57704 0.9848078 0.1736482 0 15.4283 -0 0 1 -20.33705 0 0 0 1</matrix>
                        <instance_node url="#ID235" />
                    </node>
                    <node id="ID257" name="instance_91">
                        <matrix>-1 -5.643651e-15 -1.156052e-29 31.87278 5.643651e-15 -1 0 24.01575 -1.156052e-29 -6.524353e-44 1 -20.33705 0 0 0 1</matrix>
                        <instance_node url="#ID235" />
                    </node>
                    <node id="ID258" name="instance_92">
                        <matrix>0.5 -0.8660254 3.468156e-29 19.83764 0.8660254 0.5 -5.04871e-29 16.27985 2.638233e-29 5.527866e-29 1 -20.33705 0 0 0 1</matrix>
                        <instance_node url="#ID235" />
                    </node>
                    <node id="ID259" name="instance_93">
                        <matrix>-0.5 0.8660254 0 27.40646 -0.8660254 -0.5 0 30.96424 0 0 1 -20.33705 0 0 0 1</matrix>
                        <instance_node url="#ID235" />
                    </node>
                    <node id="ID260" name="instance_94">
                        <matrix>-0.7660444 0.6427876 -3.468156e-29 29.68941 -0.6427876 -0.7660444 -5.04871e-29 29.22711 -5.902009e-29 -1.638249e-29 1 -20.33705 0 0 0 1</matrix>
                        <instance_node url="#ID235" />
                    </node>
                    <node id="ID261" name="instance_95">
                        <matrix>0.7660444 -0.6427876 2.312104e-29 17.55469 0.6427876 0.7660444 -3.786532e-29 18.01699 6.627618e-30 4.386844e-29 1 -20.33705 0 0 0 1</matrix>
                        <instance_node url="#ID235" />
                    </node>
                    <node id="ID262" name="instance_96">
                        <matrix>-0.9396926 0.3420201 -2.312104e-29 31.24054 -0.3420201 -0.9396926 -5.04871e-29 26.81392 -3.899427e-29 -3.953449e-29 1 -20.33705 0 0 0 1</matrix>
                        <instance_node url="#ID235" />
                    </node>
                    <node id="ID263" name="instance_97">
                        <matrix>0.9396926 -0.3420201 2.312104e-29 16.00355 0.3420201 0.9396926 -1.262177e-29 20.43017 -1.740977e-29 1.976845e-29 1 -20.33705 0 0 0 1</matrix>
                        <instance_node url="#ID235" />
                    </node>
                    <node id="ID264" name="instance_98">
                        <matrix>1 0 0 15.37132 0 1 0 23.22835 0 0 1 -20.33705 0 0 0 1</matrix>
                        <instance_node url="#ID235" />
                    </node>
                    <node id="ID265" name="instance_99">
                        <matrix>0.9396926 0.3420201 -8.734612e-30 15.73424 -0.3420201 0.9396926 -6.310887e-29 26.07401 -1.337666e-29 6.229035e-29 1 -20.33705 0 0 0 1</matrix>
                        <instance_node url="#ID235" />
                    </node>
                    <node id="ID266" name="instance_100">
                        <matrix>-0.9396926 -0.3420201 -1.880773e-29 31.50985 0.3420201 -0.9396926 -2.524355e-29 21.17009 -9.03968e-30 -3.01538e-29 1 -20.33705 0 0 0 1</matrix>
                        <instance_node url="#ID235" />
                    </node>
                    <node id="ID267" name="instance_101">
                        <matrix>0.7660444 0.6427876 0 17.04856 -0.6427876 0.7660444 -6.310887e-29 28.62392 -4.05656e-29 4.83442e-29 1 -20.33705 0 0 0 1</matrix>
                        <instance_node url="#ID235" />
                    </node>
                    <node id="ID268" name="instance_102">
                        <matrix>0.5 0.8660254 0 19.15573 -0.8660254 0.5 -3.786532e-29 30.57054 -3.279233e-29 1.893266e-29 1 -20.33705 0 0 0 1</matrix>
                        <instance_node url="#ID235" />
                    </node>
                    <node id="ID269" name="instance_103">
                        <matrix>0.1736482 0.9848078 -2.312104e-29 21.8016 -0.9848078 0.1736482 -3.786532e-29 31.67907 -3.327514e-29 2.934502e-29 1 -20.33705 0 0 0 1</matrix>
                        <instance_node url="#ID235" />
                    </node>
                    <node id="ID270" name="instance_104">
                        <matrix>-0.1736482 0.9848078 0 24.66705 -0.9848078 -0.1736482 -5.04871e-29 31.8158 -4.972009e-29 -8.766993e-30 1 -20.33705 0 0 0 1</matrix>
                        <instance_node url="#ID235" />
                    </node>
                    <node id="ID271" name="instance_105">
                        <matrix>-0.5 0.8660254 -2.312104e-29 27.40646 -0.8660254 -0.5 -1.262177e-29 30.96424 -2.24913e-29 1.371252e-29 1 -20.33705 0 0 0 1</matrix>
                        <instance_node url="#ID235" />
                    </node>
                    <node id="ID272" name="instance_106">
                        <matrix>1 0 0 17.35681 0 1 0 23.22835 0 0 1 -20.29621 0 0 0 1</matrix>
                        <instance_node url="#ID273" />
                    </node>
                    <node id="ID292" name="instance_118">
                        <matrix>0.258819 0.9659258 0 22.647 -0.9659258 0.258819 -6.310887e-29 25.73982 -6.095849e-29 1.633378e-29 1 -20.33705 0 0 0 1</matrix>
                        <instance_node url="#ID293" />
                    </node>
                    <node id="ID317" name="instance_134">
                        <matrix>-0.3420201 0.9396926 1.156052e-29 25.39493 -0.9396926 -0.3420201 0 29.6441 3.95393e-30 -1.086333e-29 1 -20.29621 0 0 0 1</matrix>
                        <instance_node url="#ID273" />
                    </node>
                    <node id="ID318" name="instance_135">
                        <matrix>-0.5735764 -0.819152 1.156052e-29 27.53814 0.819152 -0.5735764 -2.524355e-29 18.71568 2.730915e-29 -5.009282e-30 1 -20.29621 0 0 0 1</matrix>
                        <instance_node url="#ID273" />
                    </node>
                    <node id="ID319" name="instance_136">
                        <matrix>0.7660444 -0.6427876 1.156052e-29 17.55469 0.6427876 0.7660444 -2.524355e-29 18.01699 7.370369e-30 2.676864e-29 1 -20.33705 0 0 0 1</matrix>
                        <instance_node url="#ID235" />
                    </node>
                    <node id="ID320" name="instance_137">
                        <matrix>0.08715574 0.9961947 -5.780259e-29 22.68379 -0.9961947 0.08715574 0 29.82913 5.037828e-30 5.758264e-29 1 -20.29621 0 0 0 1</matrix>
                        <instance_node url="#ID273" />
                    </node>
                    <node id="ID321" name="instance_138">
                        <matrix>0.5 -0.8660254 2.312104e-29 19.83764 0.8660254 0.5 -2.524355e-29 16.27985 1.030104e-29 3.264518e-29 1 -20.33705 0 0 0 1</matrix>
                        <instance_node url="#ID235" />
                    </node>
                    <node id="ID322" name="instance_139">
                        <matrix>-0.1736482 -0.9848078 0 25.09771 0.9848078 -0.1736482 -1.262177e-29 17.52036 1.243002e-29 -2.191748e-30 1 -20.29621 0 0 0 1</matrix>
                        <instance_node url="#ID273" />
                    </node>
                    <node id="ID323" name="instance_140">
                        <matrix>-0.7071068 0.7071068 2.312104e-29 27.77385 -0.7071068 -0.7071068 -5.04871e-29 28.33063 -1.935073e-29 -5.204881e-29 1 -20.29621 0 0 0 1</matrix>
                        <instance_node url="#ID273" />
                    </node>
                    <node id="ID324" name="instance_141">
                        <matrix>-0.9396926 0.3420201 -1.156052e-29 29.37479 -0.3420201 -0.9396926 -2.524355e-29 26.13484 -1.949714e-29 -1.976725e-29 1 -20.29621 0 0 0 1</matrix>
                        <instance_node url="#ID273" />
                    </node>
                    <node id="ID325" name="instance_142">
                        <matrix>0.258819 -0.9659258 -6.936311e-29 22.38077 0.9659258 0.258819 -5.04871e-29 17.46839 6.671929e-29 -5.39326e-29 1 -20.29621 0 0 0 1</matrix>
                        <instance_node url="#ID273" />
                    </node>
                    <node id="ID326" name="instance_143">
                        <matrix>-0.3826834 0.9238795 3.468156e-29 24.89103 -0.9238795 -0.3826834 -1.262177e-29 27.71442 1.611058e-30 -3.687172e-29 1 -20.33705 0 0 0 1</matrix>
                        <instance_node url="#ID327" />
                    </node>
                    <node id="ID350" name="instance_158">
                        <matrix>0.6427876 -0.7660444 0 19.89642 0.7660444 0.6427876 -5.04871e-29 18.56953 3.867536e-29 3.245248e-29 1 -20.29621 0 0 0 1</matrix>
                        <instance_node url="#ID273" />
                    </node>
                    <node id="ID351" name="instance_159">
                        <matrix>0.258819 0.9659258 0 22.13752 -0.9659258 0.258819 -2.524355e-29 27.64125 -2.43834e-29 6.533511e-30 1 -20.33705 0 0 0 1</matrix>
                        <instance_node url="#ID327" />
                    </node>
                    <node id="ID352" name="instance_160">
                        <matrix>-0.7071068 -0.7071068 0 26.91729 0.7071068 -0.7071068 -8.835242e-29 20.88358 6.24746e-29 -6.24746e-29 1 -20.33705 0 0 0 1</matrix>
                        <instance_node url="#ID327" />
                    </node>
                    <node id="ID353" name="instance_161">
                        <matrix>0.819152 0.5735764 0 18.26405 -0.5735764 0.819152 -2.524355e-29 26.89314 -1.44791e-29 2.06783e-29 1 -20.29621 0 0 0 1</matrix>
                        <instance_node url="#ID273" />
                    </node>
                    <node id="ID354" name="instance_162">
                        <matrix>0.7933533 0.6087614 -2.312104e-29 19.99755 -0.6087614 0.7933533 0 25.90697 1.834315e-29 1.40752e-29 1 -20.33705 0 0 0 1</matrix>
                        <instance_node url="#ID327" />
                    </node>
                    <node id="ID355" name="instance_163">
                        <matrix>0.9063078 -0.4226183 0 18.1102 0.4226183 0.9063078 -2.524355e-29 20.61743 1.066838e-29 2.287843e-29 1 -20.29621 0 0 0 1</matrix>
                        <instance_node url="#ID273" />
                    </node>
                    <node id="ID356" name="instance_164">
                        <matrix>-0.9914449 -0.1305262 5.780259e-30 27.90341 0.1305262 -0.9914449 -8.835242e-29 23.45549 1.726311e-29 -8.684208e-29 1 -20.33705 0 0 0 1</matrix>
                        <instance_node url="#ID327" />
                    </node>
                    <node id="ID357" name="instance_165">
                        <matrix>-0.8660254 -0.5 1.156052e-29 29.24475 0.5 -0.8660254 -1.262177e-29 20.83038 1.632259e-29 -5.150518e-30 1 -20.29621 0 0 0 1</matrix>
                        <instance_node url="#ID273" />
                    </node>
                    <node id="ID358" name="instance_166">
                        <matrix>-0.5 -0.8660254 -1.156052e-29 28.08837 0.8660254 -0.5 -1.262177e-29 16.67356 5.150518e-30 -1.632259e-29 1 -20.33705 0 0 0 1</matrix>
                        <instance_node url="#ID235" />
                    </node>
                    <node id="ID359" name="instance_167">
                        <matrix>-0.7660444 -0.6427876 -5.780259e-30 30.19554 0.6427876 -0.7660444 0 18.62017 -4.427936e-30 -3.715479e-30 1 -20.33705 0 0 0 1</matrix>
                        <instance_node url="#ID235" />
                    </node>
                    <node id="ID360" name="instance_168">
                        <matrix>0.5 0.8660254 -2.312104e-29 20.14847 -0.8660254 0.5 -3.786532e-29 28.85105 -2.123181e-29 3.895607e-29 1 -20.29621 0 0 0 1</matrix>
                        <instance_node url="#ID273" />
                    </node>
                    <node id="ID361" name="instance_169">
                        <matrix>-0.1736482 -0.9848078 2.312104e-29 25.44249 0.9848078 -0.1736482 -5.04871e-29 15.56503 5.373501e-29 1.400278e-29 1 -20.33705 0 0 0 1</matrix>
                        <instance_node url="#ID235" />
                    </node>
                    <node id="ID362" name="instance_170">
                        <matrix>0.5 -0.8660254 -1.156052e-29 21.82976 0.8660254 0.5 -2.524355e-29 19.73032 2.764181e-29 2.610071e-30 1 -20.33705 0 0 0 1</matrix>
                        <instance_node url="#ID327" />
                    </node>
                    <node id="ID363" name="instance_171">
                        <matrix>-0.8660254 0.5 0 27.12008 -0.5 -0.8660254 -5.04871e-29 26.09624 -2.524355e-29 -4.372311e-29 1 -20.33705 0 0 0 1</matrix>
                        <instance_node url="#ID327" />
                    </node>
                    <node id="ID364" name="instance_172">
                        <matrix>-0.8660254 0.5 -1.156052e-29 25.4153 -0.5 -0.8660254 2.524355e-29 25.11199 2.610071e-30 2.764181e-29 1 -20.33705 0 0 0 1</matrix>
                        <instance_node url="#ID293" />
                    </node>
                    <node id="ID365" name="instance_173">
                        <matrix>-0.7071068 -0.7071068 3.468156e-29 25.52535 0.7071068 -0.7071068 0 22.27552 2.452356e-29 2.452356e-29 1 -20.33705 0 0 0 1</matrix>
                        <instance_node url="#ID293" />
                    </node>
                    <node id="ID366" name="instance_174">
                        <matrix>0.9396926 -0.3420201 3.468156e-29 16.00355 0.3420201 0.9396926 0 20.43017 -3.259e-29 1.186179e-29 1 -20.33705 0 0 0 1</matrix>
                        <instance_node url="#ID235" />
                    </node>
                    <node id="ID367" name="instance_175">
                        <matrix>0.1736482 -0.9848078 4.624208e-29 22.57704 0.9848078 0.1736482 -2.524355e-29 15.4283 1.683019e-29 4.992305e-29 1 -20.33705 0 0 0 1</matrix>
                        <instance_node url="#ID235" />
                    </node>
                    <node id="ID368" name="instance_176">
                        <matrix>-0.1305262 -0.9914449 -1.156052e-29 24.56927 0.9914449 -0.1305262 -8.835242e-29 19.44346 8.60876e-29 -2.299392e-29 1 -20.33705 0 0 0 1</matrix>
                        <instance_node url="#ID327" />
                    </node>
                    <node id="ID369" name="instance_177">
                        <matrix>0.5 -0.8660254 0 22.81401 0.8660254 0.5 -6.310887e-29 21.43509 5.465389e-29 3.155444e-29 1 -20.33705 0 0 0 1</matrix>
                        <instance_node url="#ID293" />
                    </node>
                    <node id="ID370" name="instance_178">
                        <matrix>-0.9396926 -0.3420201 -7.572622e-30 31.50985 0.3420201 -0.9396926 -5.04871e-29 21.17009 1.015167e-29 -5.003234e-29 1 -20.33705 0 0 0 1</matrix>
                        <instance_node url="#ID235" />
                    </node>
                    <node id="ID371" name="instance_179">
                        <matrix>-0.7660444 0.6427876 1.156052e-29 29.68941 -0.6427876 -0.7660444 -5.04871e-29 29.22711 -2.359661e-29 -4.610632e-29 1 -20.33705 0 0 0 1</matrix>
                        <instance_node url="#ID235" />
                    </node>
                    <node id="ID372" name="instance_180">
                        <matrix>-0.9961947 -0.08715574 1.445065e-30 29.89776 0.08715574 -0.9961947 -2.524355e-29 23.4682 3.639686e-30 -2.502154e-29 1 -20.29621 0 0 0 1</matrix>
                        <instance_node url="#ID273" />
                    </node>
                    <node id="ID373" name="instance_181">
                        <matrix>-0.9396926 0.3420201 1.156052e-29 31.24054 -0.3420201 -0.9396926 -1.262177e-29 26.81392 6.546433e-30 -1.581452e-29 1 -20.33705 0 0 0 1</matrix>
                        <instance_node url="#ID235" />
                    </node>
                    <node id="ID374" name="instance_182">
                        <matrix>-1 4.067496e-16 0 31.87278 -4.067496e-16 -1 -5.04871e-29 24.01575 -2.053561e-44 -5.04871e-29 1 -20.33705 0 0 0 1</matrix>
                        <instance_node url="#ID235" />
                    </node>
                    <node id="ID375" name="instance_183">
                        <matrix>1 0 0 19.35557 0 1 0 23.22835 0 0 1 -20.33705 0 0 0 1</matrix>
                        <instance_node url="#ID327" />
                    </node>
                    <node id="ID376" name="instance_184">
                        <matrix>1 0 0 15.37132 0 1 0 23.22835 0 0 1 -20.33705 0 0 0 1</matrix>
                        <instance_node url="#ID235" />
                    </node>
                    <node id="ID377" name="instance_185">
                        <matrix>1 0 0 21.32407 0 1 0 23.22835 0 0 1 -20.33705 0 0 0 1</matrix>
                        <instance_node url="#ID293" />
                    </node>
                    <node id="ID378" name="instance_186">
                        <matrix>1 0 0 23.22981 0 1 0 23.22835 0 0 1 -20.33705 0 0 0 1</matrix>
                        <instance_node url="#ID379" />
                    </node>
                </node>
            </node>
        </visual_scene>
    </library_visual_scenes>
    <library_geometries>
        <geometry id="ID5">
            <mesh>
                <source id="ID11">
